,Date,Close,Volume,MA20,MA50,Signal,Cross,GoldenCross,DeathCross
5922,2022-08-04,19.18732261657715,409652000,17.03582673072815,16.924414653778076,1,,,
5923,2022-08-05,18.96164894104004,386068000,17.19314980506897,16.981101169586182,1,0.0,,
5924,2022-08-08,17.76737403869629,981859000,17.325009775161742,16.997509365081786,1,0.0,,
5925,2022-08-09,17.06138801574707,668263000,17.42506537437439,16.982306690216063,1,0.0,,
5926,2022-08-10,18.070934295654297,597422000,17.571504163742066,16.968126621246338,1,0.0,,
5927,2022-08-11,17.916154861450195,509327000,17.69981904029846,16.953626384735106,1,0.0,,
5928,2022-08-12,18.682052612304688,478094000,17.84695682525635,16.961472492218018,1,0.0,,
5929,2022-08-15,19.004589080810547,457666000,17.993295860290527,16.95037145614624,1,0.0,,
5930,2022-08-16,18.851806640625,451240000,18.08750991821289,16.953625926971437,1,0.0,,
5931,2022-08-17,18.30858993530273,446799000,18.113872051239014,16.9446982383728,1,0.0,,
5932,2022-08-18,18.74596405029297,415447000,18.149970245361327,16.9417226600647,1,0.0,,
5933,2022-08-19,17.823291778564453,441588000,18.176432037353514,16.92576566696167,1,0.0,,
5934,2022-08-22,17.00946617126465,409593000,18.176931381225586,16.9055149269104,1,0.0,,
5935,2022-08-23,17.156253814697266,369986000,18.209284591674805,16.90964895248413,1,0.0,,
5936,2022-08-24,17.197193145751953,522661000,18.180925369262695,16.941103534698485,1,0.0,,
5937,2022-08-25,17.887195587158203,770691000,18.177380180358888,16.982583618164064,1,0.0,,
5938,2022-08-26,16.236576080322266,769127000,18.082367038726808,16.977251243591308,1,0.0,,
5939,2022-08-29,15.778238296508787,496132000,17.950557041168214,16.98124542236328,1,0.0,,
5940,2022-08-30,15.445721626281738,530181000,17.79787735939026,16.973017311096193,1,0.0,,
5941,2022-08-31,15.072258949279783,573710000,17.608201026916504,16.943619709014893,1,0.0,,
5942,2022-09-01,13.916926383972168,1178865000,17.344681215286254,16.89522945404053,1,0.0,,
5943,2022-09-02,13.62734317779541,743157000,17.077965927124023,16.843743724823,1,0.0,,
5944,2022-09-06,13.445603370666504,535751000,16.861877393722533,16.770629158020018,1,0.0,,
5945,2022-09-07,13.698314666748049,512657000,16.693723726272584,16.7077014541626,0,-1.0,,13.698314666748049
5946,2022-09-08,13.9739990234375,624873000,16.48887696266174,16.668001823425293,0,0.0,,
5947,2022-09-09,14.3705472946167,486612000,16.311596584320068,16.645020484924316,0,0.0,,
5948,2022-09-12,14.488411903381348,484159000,16.1019145488739,16.632045402526856,0,0.0,,
5949,2022-09-13,13.11598300933838,714956000,15.807484245300293,16.604323444366454,0,0.0,,
5950,2022-09-14,13.11298656463623,588507000,15.520543241500855,16.56773426055908,0,0.0,,
5951,2022-09-15,12.914213180541992,523625000,15.250824403762817,16.523854389190674,0,0.0,,
5952,2022-09-16,13.182905197143556,670751000,14.972671461105346,16.470809326171874,0,0.0,,
5953,2022-09-19,13.366694450378418,569685000,14.749841594696045,16.42183946609497,0,0.0,,
5954,2022-09-20,13.160930633544922,524818000,14.55741481781006,16.382454586029052,0,0.0,,
5955,2022-09-21,13.24583339691162,807679000,14.361893796920777,16.3461657333374,0,0.0,,
5956,2022-09-22,12.546634674072266,759162000,14.129365873336791,16.294255256652832,0,0.0,,
5957,2022-09-23,12.50168514251709,663309000,13.860090351104736,16.23729181289673,0,0.0,,
5958,2022-09-26,12.21401596069336,547343000,13.65896234512329,16.166786193847656,0,0.0,,
5959,2022-09-27,12.398804664611816,553854000,13.489990663528442,16.093206119537353,0,0.0,,
5960,2022-09-28,12.721433639526367,542414000,13.353776264190675,16.008284282684325,0,0.0,,
5961,2022-09-29,12.206025123596191,532763000,13.210464572906494,15.896777839660645,0,0.0,,
5962,2022-09-30,12.125117301940918,565638000,13.120874118804931,15.778800182342529,0,0.0,,
5963,2022-10-03,12.497692108154297,547478000,13.064391565322875,15.682872905731202,0,0.0,,
5964,2022-10-04,13.151941299438477,584182000,13.049708461761474,15.605922145843506,0,0.0,,
5965,2022-10-05,13.193892478942873,507131000,13.024487352371215,15.539616203308105,0,0.0,,
5966,2022-10-06,13.114983558654783,644157000,12.98153657913208,15.446628322601319,0,0.0,,
5967,2022-10-07,12.062188148498535,672478000,12.866118621826171,15.328710098266601,0,0.0,,
5968,2022-10-10,11.65665340423584,698699000,12.724530696868896,15.19910638809204,0,0.0,,
5969,2022-10-11,11.572750091552734,667482000,12.647369050979615,15.062272624969482,0,0.0,,
5970,2022-10-12,11.486848831176758,492590000,12.56606216430664,14.922023296356201,0,0.0,,
5971,2022-10-13,11.946321487426758,850103000,12.51766757965088,14.783634014129639,0,0.0,,
5972,2022-10-14,11.214159965515137,713432000,12.419230318069458,14.624170761108399,0,0.0,,
5973,2022-10-17,11.874403953552246,580774000,12.344615793228149,14.482425861358642,0,0.0,,
5974,2022-10-18,11.953314781188965,659362000,12.284235000610352,14.366144676208496,0,0.0,,
5975,2022-10-19,12.03721809387207,523131000,12.223804235458374,14.265661277770995,0,0.0,,
5976,2022-10-20,12.1800537109375,652398000,12.205475187301635,14.14784366607666,0,0.0,,
5977,2022-10-21,12.451743125915527,609494000,12.202978086471557,14.038555431365968,0,0.0,,
5978,2022-10-24,12.584589958190918,517457000,12.221506786346435,13.916606178283692,0,0.0,,
5979,2022-10-25,13.24583339691162,505482000,12.263858222961426,13.801431064605714,0,0.0,,
5980,2022-10-26,12.881251335144045,532953000,12.271849107742309,13.682019958496094,0,0.0,,
5981,2022-10-27,13.160930633544922,583113000,12.319594383239746,13.579066772460937,0,0.0,,
5982,2022-10-28,13.8181791305542,521040000,12.40424747467041,13.480511074066163,0,0.0,,
5983,2022-10-31,13.48156452178955,486341000,12.453441095352172,13.393676528930664,0,0.0,,
5984,2022-11-01,13.527512550354004,432817000,12.472219657897949,13.324037456512452,0,0.0,,
5985,2022-11-02,13.20388126373291,672628000,12.472719097137452,13.244990005493165,0,0.0,,
5986,2022-11-03,13.405651092529297,500065000,12.487252473831177,13.169159164428711,0,0.0,,
5987,2022-11-04,14.139811515808104,612576000,12.591133642196656,13.09421148300171,0,0.0,,
5988,2022-11-07,14.28464412689209,410061000,12.722533178329467,13.055172843933105,0,0.0,,
5989,2022-11-08,14.58530044555664,595292000,12.873160696029663,13.031314086914062,0,0.0,,
5990,2022-11-09,13.760245323181152,454414000,12.986830520629884,12.99760456085205,0,0.0,,
5991,2022-11-10,15.731987953186035,700819000,13.176113843917847,13.010799140930176,1,1.0,15.731987953186035,
5992,2022-11-11,16.30832862854004,655487000,13.430822277069092,13.058627185821534,1,0.0,,
5993,2022-11-14,16.276365280151367,527852000,13.650920343399047,13.111607627868652,1,0.0,,
5994,2022-11-15,16.646940231323242,545876000,13.885601615905761,13.175634365081788,1,0.0,,
5995,2022-11-16,15.891805648803713,649547000,14.078330993652344,13.2195041847229,1,0.0,,
5996,2022-11-17,15.659070014953612,710894000,14.25228180885315,13.253205604553223,1,0.0,,
5997,2022-11-18,15.391376495361328,492072000,14.399263477325439,13.273622188568115,1,0.0,,
5998,2022-11-21,15.299483299255373,404739000,14.535008144378661,13.289843616485596,1,0.0,,
5999,2022-11-22,16.0196590423584,472866000,14.673699426651002,13.347917137145997,1,0.0,,
6000,2022-11-23,16.500106811523438,427241000,14.854642200469971,13.41565954208374,1,0.0,,
6001,2022-11-25,16.25139617919922,167934000,15.009165477752685,13.482403202056885,1,0.0,,
6002,2022-11-28,15.808899879455566,303741000,15.108701515197755,13.534923095703125,1,0.0,,
6003,2022-11-29,15.62111473083496,298384000,15.215679025650024,13.580011501312256,1,0.0,,
6004,2022-11-30,16.90796661376953,565298000,15.3847017288208,13.654952220916748,1,0.0,,
6005,2022-12-01,17.119783401489258,470977000,15.580496835708619,13.732431221008301,1,0.0,,
6006,2022-12-02,16.861013412475586,371389000,15.753264951705933,13.818718795776368,1,0.0,,
6007,2022-12-05,16.59524917602539,352255000,15.876036834716796,13.900590076446534,1,0.0,,
6008,2022-12-06,15.97280216217041,352694000,15.960444736480714,13.975765800476074,1,0.0,,
6009,2022-12-07,16.105684280395508,372388000,16.036463928222656,14.049903392791748,1,0.0,,
6010,2022-12-08,17.15375328063965,515456000,16.20613932609558,14.138549785614014,1,0.0,,
6011,2022-12-09,16.985898971557617,465338000,16.26883487701416,14.234147262573241,1,0.0,,
6012,2022-12-12,17.519426345825195,457328000,16.329389762878417,14.342033443450928,1,0.0,,
6013,2022-12-13,18.055953979492188,656589000,16.418369197845458,14.453198680877685,1,0.0,,
6014,2022-12-14,17.65830421447754,496888000,16.468937397003174,14.543325939178466,1,0.0,,
6015,2022-12-15,16.93694496154785,478542000,16.52119436264038,14.618186988830566,1,0.0,,
6016,2022-12-16,16.556283950805664,478232000,16.566055059432983,14.687012996673584,1,0.0,,
6017,2022-12-19,16.239559173583984,354039000,16.608464193344116,14.770560417175293,1,0.0,,
6018,2022-12-20,16.070714950561523,403260000,16.647025775909423,14.858841648101807,1,0.0,,
6019,2022-12-21,16.486343383789062,325025000,16.670359992980956,14.957113513946533,1,0.0,,
6020,2022-12-22,15.32537841796875,565045000,16.611623573303223,15.033884105682374,1,0.0,,
6021,2022-12-23,15.192495346069336,349326000,16.558678531646727,15.098807582855224,1,0.0,,
6022,2022-12-27,14.108458518981934,464902000,16.473656463623048,15.15669355392456,1,0.0,,
6023,2022-12-28,14.023533821105955,351066000,16.393777418136597,15.199676151275634,1,0.0,,
6024,2022-12-29,14.590031623840332,354923000,16.277880668640137,15.252410488128662,1,0.0,,
6025,2022-12-30,14.601021766662598,310490000,16.151942586898805,15.303686561584472,1,0.0,,
6026,2023-01-03,14.302285194396973,401277000,16.024006175994874,15.346131191253662,1,0.0,,
6027,2023-01-04,14.735902786254885,431324000,15.931038856506348,15.39181438446045,1,0.0,,
6028,2023-01-05,14.25233268737793,389168000,15.845015382766723,15.42516923904419,1,0.0,,
6029,2023-01-06,14.845803260803224,405044000,15.78202133178711,15.457168636322022,1,0.0,,
6030,2023-01-09,15.61412239074707,504231000,15.705039787292481,15.511826057434082,1,0.0,,
6031,2023-01-10,15.894871711730955,384101000,15.650488424301148,15.566504878997803,1,0.0,,
6032,2023-01-11,15.986788749694824,353285000,15.573856544494628,15.609877071380616,0,-1.0,,15.986788749694824
6033,2023-01-12,16.496334075927734,551409000,15.495875549316406,15.670172462463379,0,0.0,,
6034,2023-01-13,16.88399314880371,447287000,15.457159996032715,15.737302074432373,0,0.0,,
6035,2023-01-17,17.686279296875,511102000,15.494626712799072,15.826950035095216,0,0.0,,
6036,2023-01-18,17.361570358276367,439624000,15.534891033172608,15.906068420410156,0,0.0,,
6037,2023-01-19,16.750110626220703,452932000,15.560418605804443,15.958274402618407,0,0.0,,
6038,2023-01-20,17.823156356811523,564967000,15.648040676116944,16.029044647216796,0,0.0,,
6039,2023-01-23,19.17595672607422,655163000,15.7825213432312,16.120857772827147,0,0.0,,
6040,2023-01-24,19.247886657714844,496204000,15.978646755218506,16.23061059951782,0,0.0,,
6041,2023-01-25,19.30583953857422,449537000,16.18431396484375,16.302087631225586,0,0.0,,
6042,2023-01-26,19.78441047668457,489535000,16.468111562728883,16.371609268188475,1,1.0,19.78441047668457,
6043,2023-01-27,20.346912384033203,542142000,16.784280490875243,16.453020210266114,1,0.0,,
6044,2023-01-30,19.144983291625977,488611000,17.012028074264528,16.502981071472167,1,0.0,,
6045,2023-01-31,19.519651412963867,498017000,17.25795955657959,16.57553798675537,1,0.0,,
6046,2023-02-01,20.924400329589844,660477000,17.589065313339233,16.680844593048096,1,0.0,,
6047,2023-02-02,21.68971824645996,564276000,17.936756086349487,16.80681142807007,1,0.0,,
6048,2023-02-03,21.081260681152344,429366000,18.278202486038207,16.92244697570801,1,0.0,,
6049,2023-02-06,21.070274353027344,452197000,18.589426040649414,17.023459281921387,1,0.0,,
6050,2023-02-07,22.15330696105957,664150000,18.91638526916504,17.13652328491211,1,0.0,,
6051,2023-02-08,22.185277938842773,559651000,19.23090558052063,17.25520092010498,1,0.0,,
6052,2023-02-09,22.317163467407227,523876000,19.54742431640625,17.385366191864012,1,0.0,,
6053,2023-02-10,21.246112823486328,550737000,19.78491325378418,17.49786615371704,1,0.0,,
6054,2023-02-13,21.76864624023437,474919000,20.029145908355712,17.595079746246338,1,0.0,,
6055,2023-02-14,22.950597763061523,675474000,20.29236183166504,17.711696033477782,1,0.0,,
6056,2023-02-15,22.74378204345703,420575000,20.561472415924072,17.829351406097413,1,0.0,,
6057,2023-02-16,21.98246192932129,412026000,20.8230899810791,17.93709566116333,1,0.0,,
6058,2023-02-17,21.369007110595703,465888000,21.000382518768312,18.045019760131837,1,0.0,,
6059,2023-02-21,20.63665580749512,410015000,21.073417472839356,18.135639190673828,1,0.0,,
6060,2023-02-22,20.73556900024414,513184000,21.14780158996582,18.20727550506592,1,0.0,,
6061,2023-02-23,23.64298439025879,1117995000,21.36465883255005,18.34041721343994,1,0.0,,
6062,2023-02-24,23.265316009521484,589716000,21.538704109191894,18.455335006713867,1,0.0,,
6063,2023-02-27,23.480127334594727,452994000,21.69536485671997,18.563818473815918,1,0.0,,
6064,2023-02-28,23.19538307189941,455963000,21.897884845733643,18.674560050964356,1,0.0,,
6065,2023-03-01,22.67784118652344,460026000,22.055794334411623,18.789377975463868,1,0.0,,
6066,2023-03-02,23.29329490661621,389415000,22.174239063262938,18.92411819458008,1,0.0,,
6067,2023-03-03,23.868783950805664,412393000,22.283192348480224,19.076702690124513,1,0.0,,
6068,2023-03-06,23.5330810546875,437429000,22.40578336715698,19.225950012207033,1,0.0,,
6069,2023-03-07,23.27126884460449,515154000,22.51583309173584,19.36164852142334,1,0.0,,
6070,2023-03-08,24.16362571716309,513573000,22.616349029541016,19.538413467407228,1,0.0,,
6071,2023-03-09,23.41916275024414,501257000,22.678043270111083,19.702946815490723,1,0.0,,
6072,2023-03-10,22.94849967956543,474866000,22.709610080718996,19.879747638702394,1,0.0,,
6073,2023-03-13,22.949499130249023,421890000,22.79477939605713,20.058266944885254,1,0.0,,
6074,2023-03-14,24.045711517333984,474910000,22.908632659912108,20.247380542755128,1,0.0,,
6075,2023-03-15,24.210594177246094,524486000,22.971632480621338,20.439571990966797,1,0.0,,
6076,2023-03-16,25.52264976501465,583253000,23.110575866699218,20.66397928237915,1,0.0,,
6077,2023-03-17,25.70652198791504,848547000,23.296778869628906,20.883391666412354,1,0.0,,
6078,2023-03-20,25.881391525268555,432747000,23.52239809036255,21.115972843170166,1,0.0,,
6079,2023-03-21,26.180179595947266,547408000,23.799574279785155,21.342660369873048,1,0.0,,
6080,2023-03-22,26.44898223876953,797295000,24.085244941711426,21.559357566833498,1,0.0,,
6081,2023-03-23,27.17146110534668,564889000,24.26166877746582,21.78488935470581,1,0.0,,
6082,2023-03-24,26.7597599029541,454920000,24.436390972137453,22.000348777770995,1,0.0,,
6083,2023-03-27,26.511943817138672,361026000,24.58798179626465,22.200660972595216,1,0.0,,
6084,2023-03-28,26.391027450561523,356104000,24.747764015197752,22.39080165863037,1,0.0,,
6085,2023-03-29,26.96461296081543,393694000,24.962102603912353,22.57636833190918,1,0.0,,
6086,2023-03-30,27.363327026367188,364516000,25.165604209899904,22.776403465270995,1,0.0,,
6087,2023-03-31,27.757043838500977,433933000,25.360017204284667,22.9965421295166,1,0.0,,
6088,2023-04-03,27.944908142089844,398716000,25.580608558654784,23.198977165222168,1,0.0,,
6089,2023-04-04,27.43327522277832,368592000,25.788708877563476,23.36412353515625,1,0.0,,
6090,2023-04-05,26.861690521240234,515015000,25.923612117767334,23.516399612426756,1,0.0,,
6091,2023-04-06,27.017576217651367,397654000,26.103532791137695,23.6706343460083,1,0.0,,
6092,2023-04-10,27.559186935424805,395279000,26.334067153930665,23.826129875183106,1,0.0,,
6093,2023-04-11,27.14947891235352,314378000,26.544066143035888,23.962181205749513,1,0.0,,
6094,2023-04-12,26.47596549987793,446259000,26.665578842163086,24.10880084991455,1,0.0,,
6095,2023-04-13,26.44399070739746,353615000,26.777248668670655,24.24728763580322,1,0.0,,
6096,2023-04-14,26.7387752532959,395660000,26.838054943084718,24.363575134277344,1,0.0,,
6097,2023-04-17,26.98259925842285,321471000,26.901858806610107,24.469432754516603,1,0.0,,
6098,2023-04-18,27.647125244140625,604812000,26.99014549255371,24.600750045776365,1,0.0,,
6099,2023-04-19,27.910932540893555,358660000,27.076683139801027,24.73756320953369,1,0.0,,
6100,2023-04-20,27.08452796936035,427713000,27.108460426330566,24.836187629699708,1,0.0,,
6101,2023-04-21,27.09951400756836,345103000,27.10486307144165,24.93447235107422,1,0.0,,
6102,2023-04-24,27.022573471069336,339282000,27.11800374984741,25.02858055114746,1,0.0,,
6103,2023-04-25,26.222148895263672,378527000,27.103514003753663,25.12810127258301,1,0.0,,
6104,2023-04-26,26.93663215637207,406337000,27.13079423904419,25.231460990905763,1,0.0,,
6105,2023-04-27,27.206439971923828,377161000,27.142885589599608,25.31657783508301,1,0.0,,
6106,2023-04-28,27.72906494140625,292216000,27.161172485351564,25.41628349304199,1,0.0,,
6107,2023-05-01,28.88922882080078,570329000,27.217781734466552,25.554418830871583,1,0.0,,
6108,2023-05-02,28.18972969055176,402730000,27.230022811889647,25.690833282470702,1,0.0,,
6109,2023-05-03,27.78202438354492,383387000,27.247460269927977,25.8337406539917,1,0.0,,
6110,2023-05-04,27.54219627380371,321850000,27.281485557556152,25.969873199462892,1,0.0,,
6111,2023-05-05,28.659395217895508,361494000,27.36357650756836,26.070201416015625,1,0.0,,
6112,2023-05-08,29.130056381225582,344979000,27.442119979858397,26.187496223449706,1,0.0,,
6113,2023-05-09,28.550472259521484,314869000,27.512169647216798,26.28890312194824,1,0.0,,
6114,2023-05-10,28.864246368408203,369350000,27.63158369064331,26.402280387878417,1,0.0,,
6115,2023-05-11,28.557466506958008,322149000,27.737257480621338,26.519872894287108,1,0.0,,
6116,2023-05-12,28.319643020629883,274222000,27.816300868988037,26.62039985656738,1,0.0,,
6117,2023-05-15,28.93219757080078,293926000,27.913780784606935,26.721668128967284,1,0.0,,
6118,2023-05-16,29.19200897216797,449405000,27.9910249710083,26.834846687316894,1,0.0,,
6119,2023-05-17,30.15631866455078,432535000,28.10329427719116,26.97254768371582,1,0.0,,
6120,2023-05-18,31.655242919921875,748725000,28.33183002471924,27.122380027770998,1,0.0,,
6121,2023-05-19,31.241535186767575,473908000,28.5389310836792,27.278827476501466,1,0.0,,
6122,2023-05-22,31.153600692749023,372000000,28.745482444763184,27.442929496765135,1,0.0,,
6123,2023-05-23,30.66594886779785,356253000,28.967672443389894,27.597258491516115,1,0.0,,
6124,2023-05-24,30.51605987548828,721419000,29.146643829345702,27.7266654586792,1,0.0,,
6125,2023-05-25,37.95270919799805,1543911000,29.683957290649413,28.00150775909424,1,0.0,,
6126,2023-05-26,38.91801834106445,714397000,30.243404960632326,28.269415130615233,1,0.0,,
6127,2023-05-30,40.08218002319336,923401000,30.803052520751955,28.5569282913208,1,0.0,,
6128,2023-05-31,37.80681991577149,1002580000,31.28390703201294,28.79543685913086,1,0.0,,
6129,2023-06-01,39.74142837524414,635873000,31.8818772315979,29.066661834716797,1,0.0,,
6130,2023-06-02,39.29874420166016,482731000,32.46970462799072,29.32365707397461,1,0.0,,
6131,2023-06-05,39.14286422729492,396094000,32.993878078460696,29.563085136413573,1,0.0,,
6132,2023-06-06,38.62623596191406,388729000,33.46868705749512,29.800414657592775,1,0.0,,
6133,2023-06-07,37.45195007324219,511998000,33.91376094818115,30.019214782714844,1,0.0,,
6134,2023-06-08,38.48632049560547,417772000,34.39486465454102,30.261120643615723,1,0.0,,
6135,2023-06-09,38.74615097045898,427717000,34.904298877716066,30.496751403808595,1,0.0,,
6136,2023-06-12,39.45772171020508,388701000,35.46120281219483,30.738639297485353,1,0.0,,
6137,2023-06-13,40.99677276611328,613208000,36.06443157196045,31.003433876037597,1,0.0,,
6138,2023-06-14,42.97055816650391,740465000,36.75335903167725,31.303946876525877,1,0.0,,
6139,2023-06-15,42.62677001953125,568622000,37.37688159942627,31.607816772460936,1,0.0,,
6140,2023-06-16,42.66574478149414,655709000,37.92740669250488,31.923897857666017,1,0.0,,
6141,2023-06-20,43.78105545043945,451153000,38.554382705688475,32.259167442321775,1,0.0,,
6142,2023-06-21,43.01852416992188,551603000,39.14762887954712,32.56835418701172,1,0.0,,
6143,2023-06-22,42.99854278564453,417737000,39.764258575439456,32.88533546447754,1,0.0,,
6144,2023-06-23,42.18304061889648,358140000,40.34760761260986,33.19947696685791,1,0.0,,
6145,2023-06-26,40.60700607299805,594322000,40.480322456359865,33.48273727416992,1,0.0,,
6146,2023-06-27,41.85023880004883,462175000,40.62693347930908,33.78496654510498,1,0.0,,
6147,2023-06-28,41.09171295166016,582639000,40.67741012573242,34.06714881896973,1,0.0,,
6148,2023-06-29,40.79689407348633,380514000,40.826913833618164,34.33014419555664,1,0.0,,
6149,2023-06-30,42.27598190307617,501148000,40.95364151000977,34.617445182800296,1,0.0,,
6150,2023-07-03,42.38690948486328,198209000,41.10804977416992,34.92349281311035,1,0.0,,
6151,2023-07-05,42.290977478027344,323618000,41.265455436706546,35.22732208251953,1,0.0,,
6152,2023-07-06,42.07710647583008,303582000,41.43799896240235,35.52841274261475,1,0.0,,
6153,2023-07-07,42.47686004638672,355881000,41.68924446105957,35.85350696563721,1,0.0,,
6154,2023-07-10,42.154052734375,353908000,41.87263107299805,36.157855377197265,1,0.0,,
6155,2023-07-11,42.3789176940918,298244000,42.05426940917969,36.461304931640626,1,0.0,,
6156,2023-07-12,43.875,481277000,42.275133323669436,36.7842236328125,1,0.0,,
6157,2023-07-13,45.948726654052734,478204000,42.52273101806641,37.12541358947754,1,0.0,,
6158,2023-07-14,45.441043853759766,772075000,42.646255302429196,37.4704398727417,1,0.0,,
6159,2023-07-17,46.43242645263672,510488000,42.83653812408447,37.84344791412354,1,0.0,,
6160,2023-07-18,47.46479034423828,569164000,43.07649040222168,38.24189979553223,1,0.0,,
6161,2023-07-19,47.04804611206055,427502000,43.23983993530273,38.60967281341553,1,0.0,,
6162,2023-07-20,45.49200439453125,537865000,43.3635139465332,38.93691177368164,1,0.0,,
6163,2023-07-21,44.2817497253418,963769000,43.427674293518066,39.25153732299805,1,0.0,,
6164,2023-07-24,44.584564208984375,382516000,43.54775047302246,39.56594367980957,1,0.0,,
6165,2023-07-25,45.650909423828125,348081000,43.79994564056396,39.90781253814697,1,0.0,,
6166,2023-07-26,45.42404174804688,364237000,43.97863578796387,40.24990051269531,1,0.0,,
6167,2023-07-27,45.87177276611328,455976000,44.21763877868652,40.58869201660156,1,0.0,,
6168,2023-07-28,46.72124862670898,331194000,44.51385650634766,40.93927680969238,1,0.0,,
6169,2023-07-31,46.70025634765625,251055000,44.73507022857666,41.27015556335449,1,0.0,,
6170,2023-08-01,46.478397369384766,237858000,44.93964462280273,41.56661865234375,1,0.0,,
6171,2023-08-02,44.24177551269531,530142000,45.03718452453613,41.82662345886231,1,0.0,,
6172,2023-08-03,44.48762512207031,324176000,45.15771045684814,42.09330394744873,1,0.0,,
6173,2023-08-04,44.65252304077149,362666000,45.26649360656738,42.3730354309082,1,0.0,,
6174,2023-08-07,45.38907241821289,322154000,45.42824459075928,42.670495681762695,1,0.0,,
6175,2023-08-08,44.636531829833984,353843000,45.54112529754639,42.804172134399415,1,0.0,,
6176,2023-08-09,42.52783203125,586449000,45.47376689910889,42.87636840820313,1,0.0,,
6177,2023-08-10,42.361934661865234,492705000,45.29442729949951,42.92196350097656,1,0.0,,
6178,2023-08-11,40.829872131347656,533085000,45.06386871337891,42.98242454528808,1,0.0,,
6179,2023-08-14,43.72608947753906,690286000,44.928551864624026,43.06211776733399,1,0.0,,
6180,2023-08-15,43.91297912597656,676512000,44.75096130371094,43.15440246582031,1,0.0,,
6181,2023-08-16,43.45925521850586,527451000,44.5715217590332,43.24073028564453,1,0.0,,
6182,2023-08-17,43.31734085083008,452395000,44.462788581848145,43.33455238342285,1,0.0,,
6183,2023-08-18,43.272369384765625,583768000,44.412319564819335,43.45096076965332,1,0.0,,
6184,2023-08-21,46.938114166259766,692573000,44.52999706268311,43.61999664306641,1,0.0,,
6185,2023-08-22,45.63991165161133,755293000,44.52944717407227,43.757871856689455,1,0.0,,
6186,2023-08-23,47.08702850341797,779046000,44.61259651184082,43.91045799255371,1,0.0,,
6187,2023-08-24,47.13399887084961,1156044000,44.67570781707764,44.03320251464844,1,0.0,,
6188,2023-08-25,45.98970031738281,925341000,44.639130401611325,44.093585357666015,1,0.0,,
6189,2023-08-28,46.80619430541992,685192000,44.64442729949951,44.17717384338379,1,0.0,,
6190,2023-08-29,48.75399398803711,701397000,44.758207130432126,44.29893882751465,1,0.0,,
6191,2023-08-30,49.23370361328125,735206000,45.00780353546143,44.40799179077148,1,0.0,,
6192,2023-08-31,49.32464599609375,528570000,45.249654579162595,44.53411422729492,1,0.0,,
6193,2023-09-01,48.47916793823242,463830000,45.44098682403565,44.64372673034668,1,0.0,,
6194,2023-09-05,48.51815032958984,382653000,45.59744071960449,44.77042892456055,1,0.0,,
6195,2023-09-06,47.03593063354492,468670000,45.71741065979004,44.899007415771486,1,0.0,,
6196,2023-09-07,46.21636581420898,433330000,45.90183734893799,44.98632995605469,1,0.0,,
6197,2023-09-08,45.54772186279297,473069000,46.061126708984375,45.07545013427735,1,0.0,,
6198,2023-09-11,45.153934478759766,473966000,46.27732982635498,45.16259094238281,1,0.0,,
6199,2023-09-12,44.84609222412109,349256000,46.33332996368408,45.21399314880371,1,0.0,,
6200,2023-09-13,45.46076965332031,398355000,46.41071949005127,45.27547035217285,1,0.0,,
6201,2023-09-14,45.55672454833984,370097000,46.51559295654297,45.3407852935791,1,0.0,,
6202,2023-09-15,43.87661743164063,506831000,46.5435567855835,45.37677551269531,1,0.0,,
6203,2023-09-18,43.94257354736328,500271000,46.57706699371338,45.406089782714844,1,0.0,,
6204,2023-09-19,43.4968147277832,373064000,46.40500202178955,45.432945022583006,1,0.0,,
6205,2023-09-20,42.21649932861328,367108000,46.23383140563965,45.42969665527344,1,0.0,,
6206,2023-09-21,40.99515151977539,450736000,45.92923755645752,45.37209968566894,1,0.0,,
6207,2023-09-22,41.587833404541016,479236000,45.65192928314209,45.28488182067871,1,0.0,,
6208,2023-09-25,42.19951248168945,419091000,45.46241989135742,45.2200511932373,1,0.0,,
6209,2023-09-26,41.88867568969727,402282000,45.216543960571286,45.129176177978515,1,0.0,,
6210,2023-09-27,42.44537734985352,444935000,44.90111312866211,45.02878791809082,0,-1.0,,42.44537734985352
6211,2023-09-28,43.066043853759766,424663000,44.59273014068604,44.949147872924804,0,0.0,,
6212,2023-09-29,43.47582626342773,397830000,44.300289154052734,44.908824310302734,0,0.0,,
6213,2023-10-02,44.75814056396485,433298000,44.114237785339355,44.918352127075195,0,0.0,,
6214,2023-10-03,43.49381637573242,470850000,43.86302108764649,44.896537170410156,0,0.0,,
6215,2023-10-04,44.01754379272461,361821000,43.712101745605466,44.86386985778809,0,0.0,,
6216,2023-10-05,44.66419982910156,393483000,43.6344934463501,44.848673019409176,0,0.0,,
6217,2023-10-06,45.73762512207031,434436000,43.643988609313965,44.84599006652832,0,0.0,,
6218,2023-10-09,45.24887847900391,409675000,43.64873580932617,44.81654266357422,0,0.0,,
6219,2023-10-10,45.77360534667969,368582000,43.695111465454104,44.798009643554686,0,0.0,,
6220,2023-10-11,46.78107070922852,378137000,43.76112651824951,44.804063110351564,0,0.0,,
6221,2023-10-12,46.91999435424805,481325000,43.82929000854492,44.85762748718262,0,0.0,,
6222,2023-10-13,45.43678283691406,474115000,43.9072982788086,44.876610641479495,0,0.0,,
6223,2023-10-16,46.07044982910156,375099000,44.01369209289551,44.904969177246095,0,0.0,,
6224,2023-10-17,43.91459655761719,812333000,44.03458118438721,44.87547966003418,0,0.0,,
6225,2023-10-18,42.17352294921875,627294000,44.03243236541748,44.82621948242188,0,0.0,,
6226,2023-10-19,42.078575134277344,501233000,44.08660354614258,44.81723434448242,0,0.0,,
6227,2023-10-20,41.36495590209961,477266000,44.07545967102051,44.797294769287106,0,0.0,,
6228,2023-10-23,42.952110290527344,478530000,44.1130895614624,44.8397395324707,0,0.0,,
6229,2023-10-24,43.63973617553711,401463000,44.200642585754395,44.83801246643066,0,0.0,,
6230,2023-10-25,41.75674819946289,398379000,44.16621112823486,44.79488784790039,0,0.0,,
6231,2023-10-26,40.30451965332031,541001000,44.02813491821289,44.73179313659668,0,0.0,,
6232,2023-10-27,40.47842788696289,416784000,43.87826499938965,44.675014877319335,0,0.0,,
6233,2023-10-30,41.13907623291016,388028000,43.69731178283691,44.63234901428223,0,0.0,,
6234,2023-10-31,40.75828170776367,517969000,43.56053504943848,44.50875236511231,0,0.0,,
6235,2023-11-01,42.30245971679688,437593000,43.47478084564209,44.442003326416014,0,0.0,,
6236,2023-11-02,43.48282241821289,409172000,43.41571197509766,44.36991920471191,0,0.0,,
6237,2023-11-03,44.98102569580078,424610000,43.37788200378418,44.32685974121094,0,0.0,,
6238,2023-11-06,45.72662734985352,400733000,43.40176944732666,44.32159828186035,0,0.0,,
6239,2023-11-07,45.93052291870117,343165000,43.40961532592773,44.304084854125975,0,0.0,,
6240,2023-11-08,46.54918670654297,346719000,43.398021125793456,44.259988708496095,0,0.0,,
6241,2023-11-09,46.924991607666016,540496000,43.398270988464354,44.21381446838379,0,0.0,,
6242,2023-11-10,48.30924987792969,421245000,43.541894340515135,44.19350654602051,0,0.0,,
6243,2023-11-13,48.59409713745117,384136000,43.66807670593262,44.195805130004885,0,0.0,,
6244,2023-11-14,49.62954330444336,416954000,43.953824043273926,44.21803298950195,0,0.0,,
6245,2023-11-15,48.86195373535156,475497000,44.288245582580565,44.25455345153809,1,1.0,48.86195373535156,
6246,2023-11-16,49.45364761352539,339756000,44.65699920654297,44.31929908752441,1,0.0,,
6247,2023-11-17,49.2717399597168,325205000,45.052338409423825,44.39377944946289,1,0.0,,
6248,2023-11-20,50.38215255737305,414120000,45.42384052276611,44.498343811035156,1,0.0,,
6249,2023-11-21,49.91739273071289,565747000,45.7377233505249,44.599769821166994,1,0.0,,
6250,2023-11-22,48.69004440307617,899420000,46.084388160705565,44.66435531616211,1,0.0,,
6251,2023-11-24,47.75054931640625,294645000,46.45668964385986,44.70823181152344,1,0.0,,
6252,2023-11-27,48.216304779052734,395662000,46.843583488464354,44.79502555847168,1,0.0,,
6253,2023-11-28,47.79552459716797,401491000,47.176405906677246,44.872084579467774,1,0.0,,
6254,2023-11-29,48.114356994628906,382005000,47.54420967102051,44.96443542480469,1,0.0,,
6255,2023-11-30,46.74509048461914,526247000,47.76634120941162,45.055007247924806,1,0.0,,
6256,2023-12-01,46.74009323120117,369317000,47.92920475006103,45.16990608215332,1,0.0,,
6257,2023-12-04,45.48575592041016,437543000,47.95444126129151,45.2478645324707,1,0.0,,
6258,2023-12-05,46.54528427124024,371718000,47.99537410736084,45.33477996826172,1,0.0,,
6259,2023-12-06,45.482757568359375,380590000,47.97298583984375,45.40666160583496,1,0.0,,
6260,2023-12-07,46.57527542114258,350823000,47.97429027557373,45.489259567260746,1,0.0,,
6261,2023-12-08,47.48487091064453,359224000,48.00228424072266,45.57763610839844,1,0.0,,
6262,2023-12-11,46.60626220703125,509728000,47.917134857177736,45.64024482727051,1,0.0,,
6263,2023-12-12,47.63580703735352,372387000,47.86922035217286,45.69779815673828,1,0.0,,
6264,2023-12-13,48.06661605834961,447792000,47.79107398986817,45.789254150390626,1,0.0,,
6265,2023-12-14,48.3284912109375,391232000,47.76440086364747,45.87547309875488,1,0.0,,
6266,2023-12-15,48.86824798583984,479948000,47.735130882263185,45.95955406188965,1,0.0,,
6267,2023-12-18,50.054725646972656,412587000,47.77428016662598,46.0458960723877,1,0.0,,
6268,2023-12-19,49.58193206787109,464444000,47.73426914215088,46.13255714416504,1,0.0,,
6269,2023-12-20,48.08959197998047,397894000,47.64287910461426,46.178876876831055,1,0.0,,
6270,2023-12-21,48.96821212768555,300425000,47.65678749084473,46.222619705200195,1,0.0,,
6271,2023-12-22,48.80828094482422,252507000,47.70967407226563,46.26038543701172,1,0.0,,
6272,2023-12-26,49.25707626342773,244200000,47.761712646484376,46.33679130554199,1,0.0,,
6273,2023-12-27,49.39501953125,233648000,47.84168739318848,46.40328269958496,1,0.0,,
6274,2023-12-28,49.49997329711914,246587000,47.91096820831299,46.514990234375,1,0.0,,
6275,2023-12-29,49.49997329711914,389293000,48.04871234893799,46.66151924133301,1,0.0,,
6276,2024-01-02,48.14657211303711,411254000,48.11903629302979,46.7828791809082,1,0.0,,
6277,2024-01-03,47.5478401184082,320896000,48.22214050292969,46.90653686523437,1,0.0,,
6278,2024-01-04,47.976654052734375,306535000,48.2937089920044,47.00702774047851,1,0.0,,
6279,2024-01-05,49.07516098022461,415039000,48.47332916259766,47.11573623657227,1,0.0,,
6280,2024-01-08,52.229759216308594,642510000,48.756053352355956,47.32519645690918,1,0.0,,
6281,2024-01-09,53.11636734008789,773100000,49.037628173828125,47.58143341064453,1,0.0,,
6282,2024-01-10,54.325828552246094,533796000,49.42360649108887,47.85838142395019,1,0.0,,
6283,2024-01-11,54.797611236572266,596759000,49.781696701049796,48.131552124023436,1,0.0,,
6284,2024-01-12,54.68566131591797,352994000,50.112648963928216,48.41009971618652,1,0.0,,
6285,2024-01-16,56.3569221496582,449580000,50.51407051086425,48.69118896484375,1,0.0,,
6286,2024-01-17,56.02806854248047,474394000,50.872061538696286,48.9420938873291,1,0.0,,
6287,2024-01-18,57.08160018920898,491650000,51.223405265808104,49.18410537719726,1,0.0,,
6288,2024-01-19,59.46453857421875,543501000,51.71753559112549,49.45886360168457,1,0.0,,
6289,2024-01-22,59.62746810913086,452955000,52.29442939758301,49.73280250549316,1,0.0,,
6290,2024-01-23,59.84636688232422,294654000,52.838337135314944,49.99874610900879,1,0.0,,
6291,2024-01-24,61.3347053527832,560271000,53.46465835571289,50.28694038391113,1,0.0,,
6292,2024-01-25,61.5895881652832,482777000,54.08128395080566,50.5525471496582,1,0.0,,
6293,2024-01-26,61.00385284423828,390309000,54.66172561645508,50.80074226379394,1,0.0,,
6294,2024-01-29,62.43721389770508,348733000,55.308587646484376,51.05689567565918,1,0.0,,
6295,2024-01-30,62.7460823059082,410735000,55.97089309692383,51.33457824707031,1,0.0,,
6296,2024-01-31,61.4996337890625,453795000,56.6385461807251,51.575497970581054,1,0.0,,
6297,2024-02-01,62.99896240234375,369146000,57.411102294921875,51.85004241943359,1,0.0,,
6298,2024-02-02,66.13056945800781,476578000,58.31879806518555,52.16501075744629,1,0.0,,
6299,2024-02-05,69.30116271972656,680078000,59.330098152160645,52.55268615722656,1,0.0,,
6300,2024-02-06,68.19265747070312,683111000,60.12824306488037,52.942738418579104,1,0.0,,
6301,2024-02-07,70.06781005859375,495575000,60.97581520080566,53.38908363342285,1,0.0,,
6302,2024-02-08,69.6100082397461,414422000,61.740024185180665,53.81695770263672,1,0.0,,
6303,2024-02-09,72.1009292602539,436637000,62.60519008636474,54.30306579589844,1,0.0,,
6304,2024-02-12,72.21586608886719,613710000,63.481700325012206,54.7850959777832,1,0.0,,
6305,2024-02-13,72.09593200683594,602580000,64.26865081787109,55.292112808227536,1,0.0,,
6306,2024-02-14,73.86713409423828,504917000,65.16060409545898,55.83465362548828,1,0.0,,
6307,2024-02-15,72.62567901611328,420122000,65.9378080368042,56.37745208740235,1,0.0,,
6308,2024-02-16,72.58069610595703,495327000,66.59361591339112,56.89816032409668,1,0.0,,
6309,2024-02-20,69.42111206054688,704833000,67.08329811096192,57.37692741394043,1,0.0,,
6310,2024-02-21,67.4419937133789,673755000,67.46307945251465,57.79426177978516,1,0.0,,
6311,2024-02-22,78.50306701660156,865100000,68.32149753570556,58.4146257019043,1,0.0,,
6312,2024-02-23,78.78194427490234,829388000,69.18111534118653,59.05813934326172,1,0.0,,
6313,2024-02-26,79.05683135986328,503973000,70.08376426696778,59.68655982971191,1,0.0,,
6314,2024-02-27,78.66598510742188,391705000,70.89520282745362,60.29854721069336,1,0.0,,
6315,2024-02-28,77.62846374511719,393110000,71.63932189941406,60.88454666137695,1,0.0,,
6316,2024-02-29,79.0768051147461,507289000,72.51818046569824,61.488717803955076,1,0.0,,
6317,2024-03-01,82.24239349365234,479135000,73.48035202026367,62.13247116088867,1,0.0,,
6318,2024-03-04,85.1990737915039,615616000,74.43377723693848,62.84481399536133,1,0.0,,
6319,2024-03-05,85.92979431152344,520639000,75.26520881652831,63.60161804199219,1,0.0,,
6320,2024-03-06,88.66470336914062,582520000,76.2888111114502,64.39554786682129,1,0.0,,
6321,2024-03-07,92.63211822509766,608119000,77.41702651977539,65.27202461242676,1,0.0,,
6322,2024-03-08,87.49317932128906,1142269000,78.31118507385254,66.03674667358399,1,0.0,,
6323,2024-03-11,85.73988342285156,678364000,78.99313278198242,66.76364395141601,1,0.0,,
6324,2024-03-12,91.87643432617188,668075000,79.97616119384766,67.61117317199707,1,0.0,,
6325,2024-03-13,90.8518295288086,635713000,80.9139560699463,68.43821029663086,1,0.0,,
6326,2024-03-14,87.90900421142578,602318000,81.61604957580566,69.23345893859863,1,0.0,,
6327,2024-03-15,87.80204010009766,642086000,82.37486763000489,70.03854293823242,1,0.0,,
6328,2024-03-18,88.41980743408203,668976000,83.16682319641113,70.84740600585937,1,0.0,,
6329,2024-03-19,89.36243438720703,672171000,84.16388931274415,71.65315147399902,1,0.0,,
6330,2024-03-20,90.33604431152344,479063000,85.30859184265137,72.41527717590333,1,0.0,,
6331,2024-03-21,91.39861297607422,480372000,85.953369140625,73.18092208862305,1,0.0,,
6332,2024-03-22,94.25148010253906,586719000,86.72684593200684,73.9794351196289,1,0.0,,
6333,2024-03-25,94.96419525146484,552136000,87.52221412658692,74.78276679992676,1,0.0,,
6334,2024-03-26,92.52416229248048,513648000,88.21512298583984,75.53953681945801,1,0.0,,
6335,2024-03-27,90.21408081054688,586067000,88.84440383911132,76.21667999267578,1,0.0,,
6336,2024-03-28,90.3200454711914,435212000,89.4065658569336,76.90251953125,1,0.0,,
6337,2024-04-01,90.32704162597656,452441000,89.8107982635498,77.56742835998536,1,0.0,,
6338,2024-04-02,89.4164047241211,433064000,90.02166481018067,78.1664656829834,1,0.0,,
6339,2024-04-03,88.92859649658203,370067000,90.17160491943359,78.75248825073243,1,0.0,,
6340,2024-04-04,85.87080383300781,434965000,90.03190994262695,79.2729769897461,1,0.0,,
6341,2024-04-05,87.97298431396484,399678000,89.79895324707032,79.80574256896972,1,0.0,,
6342,2024-04-08,87.09832763671875,283220000,89.77921066284179,80.31591735839844,1,0.0,,
6343,2024-04-09,85.32002258300781,501700000,89.7582176208496,80.80224075317383,1,0.0,,
6344,2024-04-10,87.00436401367188,431929000,89.51461410522461,81.29358375549316,1,0.0,,
6345,2024-04-11,90.57994079589844,431637000,89.5010196685791,81.85026092529297,1,0.0,,
6346,2024-04-12,88.15091705322266,426805000,89.51311531066895,82.38328659057618,1,0.0,,
6347,2024-04-15,85.9667739868164,443077000,89.42135200500488,82.84264282226563,1,0.0,,
6348,2024-04-16,87.38021850585938,370453000,89.36937255859375,83.26763580322266,1,0.0,,
6349,2024-04-17,84.00155639648438,495400000,89.10132865905761,83.56164367675781,1,0.0,,
6350,2024-04-18,84.63731384277344,447260000,88.81639213562012,83.89053680419921,1,0.0,,
6351,2024-04-19,76.169677734375,875198000,88.05494537353516,84.01257415771484,1,0.0,,
6352,2024-04-22,79.4863510131836,596341000,87.31668891906739,84.21010101318359,1,0.0,,
6353,2024-04-23,82.39019775390625,438559000,86.68798904418945,84.41588638305664,1,0.0,,
6354,2024-04-24,79.64530181884766,512208000,86.0440460205078,84.56447509765626,1,0.0,,
6355,2024-04-25,82.59912109375,424641000,85.66329803466797,84.77453887939453,1,0.0,,
6356,2024-04-26,87.7000961303711,551011000,85.53230056762695,85.05119812011719,1,0.0,,
6357,2024-04-29,87.72207641601562,388971000,85.40205230712891,85.35312606811523,1,0.0,,
6358,2024-04-30,86.36762237548828,363709000,85.24961318969727,85.62886459350585,0,-1.0,,86.36762237548828
6359,2024-05-01,83.00794982910156,559863000,84.95358085632324,85.90060134887695,0,0.0,,
6360,2024-05-02,85.78285217285156,377898000,84.94918327331543,86.2674185180664,0,0.0,,
6361,2024-05-03,88.75366973876953,398341000,84.98821754455567,86.47243057250977,0,0.0,,
6362,2024-05-06,92.10333251953124,376203000,85.23846778869628,86.73885833740235,0,0.0,,
6363,2024-05-07,90.51795959472656,437342000,85.49836463928223,86.96808090209962,0,0.0,,
6364,2024-05-08,90.37602996826172,325721000,85.66694793701171,87.20228179931641,0,0.0,,
6365,2024-05-09,88.71168518066406,378013000,85.57353515625,87.42394622802735,0,0.0,,
6366,2024-05-10,89.84223937988281,335325000,85.65810127258301,87.63925491333008,0,0.0,,
6367,2024-05-13,90.36302947998048,289680000,85.8779140472412,87.80166763305664,0,0.0,,
6368,2024-05-14,91.31965637207033,296507000,86.07488594055175,87.92407928466797,0,0.0,,
6369,2024-05-15,94.59233856201172,417735000,86.60442504882812,88.09733016967773,0,0.0,,
6370,2024-05-16,94.32144927978516,323952000,87.08863182067871,88.21046508789063,0,0.0,,
6371,2024-05-17,92.44219207763672,359691000,87.90225753784179,88.2066665649414,0,0.0,,
6372,2024-05-20,94.7422866821289,318764000,88.66505432128906,88.35164871215821,1,1.0,94.7422866821289,
6373,2024-05-21,95.3480453491211,328946000,89.31294670104981,88.54381195068359,1,0.0,,
6374,2024-05-22,94.91221618652344,548648000,90.0762924194336,88.60452758789063,1,0.0,,
6375,2024-05-23,103.7577133178711,835065000,91.13422203063965,88.86264526367188,1,0.0,,
6376,2024-05-24,106.42664337158205,429494000,92.0705493927002,89.232998046875,1,0.0,,
6377,2024-05-28,113.85568237304688,652728000,93.37722969055176,89.75407089233398,1,0.0,,
6378,2024-05-29,114.77930450439452,557442000,94.79781379699708,90.28126083374023,1,0.0,,
6379,2024-05-30,110.4560317993164,484553000,96.17021789550782,90.70313278198242,1,0.0,,
6380,2024-05-31,109.58937072753906,613263000,97.36054382324218,91.08819931030274,1,0.0,,
6381,2024-06-03,114.9542465209961,438392000,98.67057266235352,91.55931198120118,1,0.0,,
6382,2024-06-04,116.3906707763672,403324000,99.88493957519532,92.00209579467773,1,0.0,,
6383,2024-06-05,122.39128875732422,528402000,101.47860603332519,92.55063766479492,1,0.0,,
6384,2024-06-06,120.94985961914062,664696000,103.00729751586914,93.11915161132812,1,0.0,,
6385,2024-06-07,120.83990478515624,412386000,104.61370849609375,93.7316680908203,1,0.0,,
6386,2024-06-10,121.74153900146484,313434100,106.20867347717285,94.36009796142578,1,0.0,,
6387,2024-06-11,120.87181854248048,222551200,107.73411293029785,94.97099349975586,1,0.0,,
6388,2024-06-12,125.16046905517578,299595000,109.42615356445313,95.68587478637696,1,0.0,,
6389,2024-06-13,129.56907653808594,260704500,111.17499046325683,96.49868438720704,1,0.0,,
6390,2024-06-14,131.83836364746094,309320400,113.05083618164062,97.41803558349609,1,0.0,,
6391,2024-06-17,130.9386444091797,288504400,114.97565879821778,98.27734878540039,1,0.0,,
6392,2024-06-18,135.5371856689453,294335100,117.0154037475586,99.24612594604493,1,0.0,,
6393,2024-06-20,130.73870849609375,517768400,118.78493690490723,100.15449966430664,1,0.0,,
6394,2024-06-21,126.53002166748048,649445800,120.36582717895507,100.94501281738282,1,0.0,,
6395,2024-06-24,118.07270050048828,476060900,121.08157653808594,101.49486801147461,1,0.0,,
6396,2024-06-25,126.05018615722656,414192600,122.06275367736816,102.25285339355469,1,0.0,,
6397,2024-06-26,126.3600845336914,362975900,122.68797378540039,103.06071960449219,1,0.0,,
6398,2024-06-27,123.95083618164062,252571700,123.1465503692627,103.79213195800781,1,0.0,,
6399,2024-06-28,123.50099182128906,315516700,123.79879837036133,104.58212066650391,1,0.0,,
6400,2024-07-01,124.26075744628906,284885500,124.53236770629883,105.37458953857421,1,0.0,,
6401,2024-07-02,122.63125610351562,218374000,124.91621818542481,106.30382110595703,1,0.0,,
6402,2024-07-03,128.23948669433594,215749000,125.50865898132324,107.27888381958007,1,0.0,,
6403,2024-07-05,125.7902603149414,214176700,125.6786075592041,108.14688507080078,1,0.0,,
6404,2024-07-08,128.1595001220703,237677300,126.03908958435059,109.11716903686523,1,0.0,,
6405,2024-07-09,131.33851623535156,285366600,126.56402015686035,110.09195693969727,1,0.0,,
6406,2024-07-10,134.86740112304688,248978600,127.22031326293946,111.03530303955078,1,0.0,,
6407,2024-07-11,127.35977172851562,374782700,127.54471092224121,111.82805694580078,1,0.0,,
6408,2024-07-12,129.19920349121094,252680500,127.74664764404297,112.68468856811523,1,0.0,,
6409,2024-07-15,128.39944458007812,208326200,127.68816604614258,113.59251846313477,1,0.0,,
6410,2024-07-16,126.32009887695312,214769500,127.4122528076172,114.40326339721679,1,0.0,,
6411,2024-07-17,117.9527359008789,390086200,126.76295738220215,114.98724472045899,1,0.0,,
6412,2024-07-18,121.0517578125,320979500,126.03868598937989,115.56621322631835,1,0.0,,
6413,2024-07-19,117.89275360107422,217223800,125.39638824462891,116.11370910644531,1,0.0,,
6414,2024-07-22,123.50099182128906,258068900,125.24493675231933,116.77620834350586,1,0.0,,
6415,2024-07-23,122.55127716064452,173911000,125.46886558532715,117.45300018310547,1,0.0,,
6416,2024-07-24,114.2139129638672,327776900,124.87705192565917,117.94043365478515,1,0.0,,
6417,2024-07-25,112.2445297241211,460067000,124.17127418518066,118.37806365966797,1,0.0,,
6418,2024-07-26,113.0242919921875,293399100,123.62494697570801,118.81215637207032,1,0.0,,
6419,2024-07-29,111.55475616455078,248152100,123.02763519287109,119.1514047241211,1,0.0,,
6420,2024-07-30,103.6972427368164,486833300,121.99945945739746,119.33892059326172,1,0.0,,
6421,2024-07-31,116.9830322265625,473174200,121.7170482635498,119.82973739624023,1,0.0,,
6422,2024-08-01,109.1755142211914,523462300,120.76384963989258,120.11840194702148,1,0.0,,
6423,2024-08-02,107.23612213134766,482027500,119.8361427307129,120.35616348266602,0,-1.0,,107.23612213134766
6424,2024-08-05,100.41827392578124,552842400,118.44908142089844,120.46628463745117,0,0.0,,
6425,2024-08-06,104.21707153320312,409012100,117.09300918579102,120.4754718017578,0,0.0,,
6426,2024-08-07,98.87876892089844,411440400,115.2935775756836,120.32451431274414,0,0.0,,
6427,2024-08-08,104.93685150146484,391910000,114.17243156433105,120.1461376953125,0,0.0,,
6428,2024-08-09,104.7169189453125,290844200,112.94831733703613,119.94488998413085,0,0.0,,
6429,2024-08-12,108.9855728149414,325559900,111.9776237487793,119.91548080444336,0,0.0,,
6430,2024-08-13,116.1033172607422,312646700,111.46678466796875,120.04575973510742,0,0.0,,
6431,2024-08-14,118.04270935058594,339246400,111.47128334045411,120.10752899169921,0,0.0,,
6432,2024-08-15,122.82120513916016,318086700,111.55975570678712,120.23613967895508,0,0.0,,
6433,2024-08-16,124.5406494140625,302589900,111.89215049743652,120.27912689208985,0,0.0,,
6434,2024-08-19,129.9589385986328,318333600,112.21504783630371,120.45930847167969,0,0.0,,
6435,2024-08-20,127.2098159790039,300087400,112.44797477722167,120.58670669555664,0,0.0,,
6436,2024-08-21,128.45941162109375,257883600,113.16024971008301,120.72106414794922,0,0.0,,
6437,2024-08-22,123.70092010498048,376189100,113.73306922912597,120.77764617919922,0,0.0,,
6438,2024-08-23,129.32913208007812,323230300,114.54831123352051,120.86101943969726,0,0.0,,
6439,2024-08-26,126.42005920410156,331964700,115.29157638549805,120.79803909301758,0,0.0,,
6440,2024-08-27,128.25949096679688,303134600,116.51968879699707,120.72646163940429,0,0.0,,
6441,2024-08-28,125.5703353881836,448101100,116.94905395507813,120.61909545898438,0,0.0,,
6442,2024-08-29,117.5528564453125,453023300,117.36792106628418,120.25940887451172,0,0.0,,
6443,2024-08-30,119.33230590820312,333751600,117.97273025512695,120.0312808227539,0,0.0,,
6444,2024-09-03,107.96588897705078,477155100,118.35011100769043,119.65999816894531,0,0.0,,
6445,2024-09-04,106.17645263671876,372470300,118.44808006286621,119.42207321166993,0,0.0,,
6446,2024-09-05,107.17613983154295,306850700,118.86294860839844,119.04459228515626,0,0.0,,
6447,2024-09-06,102.79752349853516,413638100,118.75598220825195,118.57334106445313,1,1.0,102.79752349853516,
6448,2024-09-09,106.4363784790039,273912000,118.84195518493652,118.22305191040039,1,0.0,,
6449,2024-09-10,108.06585693359376,268283700,118.79596939086915,117.91434921264648,1,0.0,,
6450,2024-09-11,116.87307739257812,441422400,118.83445739746094,117.76659561157227,1,0.0,,
6451,2024-09-12,119.11256408691406,366052700,118.88795013427735,117.69622177124023,1,0.0,,
6452,2024-09-13,119.07257080078124,238358300,118.7005184173584,117.51288345336914,1,0.0,,
6453,2024-09-16,116.75310516357422,248772300,118.31114120483399,117.3321403503418,1,0.0,,
6454,2024-09-17,115.5633773803711,231925900,117.5913631439209,117.08021789550781,1,0.0,,
6455,2024-09-18,113.34388732910156,310318900,116.89806671142578,116.72032531738282,1,0.0,,
6456,2024-09-19,117.84285736083984,293506400,116.36723899841309,116.37983444213867,0,-1.0,,117.84285736083984
6457,2024-09-20,115.9732894897461,382462400,115.98085746765136,116.15210479736328,0,0.0,,
6458,2024-09-23,116.23323059082033,206228500,115.32606239318848,115.89278533935547,0,0.0,,
6459,2024-09-24,120.84217071533205,354966800,115.04716796875,115.74163986206055,0,0.0,,
6460,2024-09-25,123.48155975341795,284692900,114.80827140808105,115.68486907958984,0,0.0,,
6461,2024-09-26,124.01143646240234,302582900,114.73032646179199,115.80604309082031,0,0.0,,
6462,2024-09-27,121.3720474243164,271009200,114.9212860107422,115.81244888305665,0,0.0,,
6463,2024-09-30,121.41203308105467,226553700,115.02527236938477,115.88283447265626,0,0.0,,
6464,2024-10-01,116.97306060791016,302094500,115.47563095092774,115.75227584838868,0,0.0,,
6465,2024-10-02,118.82262420654295,221845900,116.10793952941894,115.67770278930664,1,1.0,118.82262420654295,
6466,2024-10-03,122.82170867919922,277118000,116.89021797180176,115.84985870361328,1,0.0,,
6467,2024-10-04,124.89122772216795,243678100,117.99490318298339,116.10279266357422,1,0.0,,
6468,2024-10-07,127.69058990478516,346250200,119.05761375427247,116.39611862182618,1,0.0,,
6469,2024-10-08,132.85939025878906,285722500,120.29729042053222,116.82221130371094,1,0.0,,
6470,2024-10-09,132.6194305419922,246191600,121.08460807800293,117.40065505981445,1,0.0,,
6471,2024-10-10,134.77894592285156,242311300,121.8679271697998,117.75657333374023,1,0.0,,
6472,2024-10-11,134.7689666748047,170209500,122.65274696350097,118.2684423828125,1,0.0,,
6473,2024-10-14,138.03822326660156,232347700,123.71700286865234,118.88448440551758,1,0.0,,
6474,2024-10-15,131.5697021484375,377831000,124.51731910705567,119.5075129699707,1,0.0,,
6475,2024-10-16,135.68873596191406,264879700,125.63456153869629,120.13694625854492,1,0.0,,
6476,2024-10-17,136.89846801757812,306435900,126.5873420715332,120.89734024047851,1,0.0,,
6477,2024-10-18,137.9682159423828,176090200,127.68708839416504,121.55796752929687,1,0.0,,
6478,2024-10-21,143.67691040039062,264554500,129.05927238464355,122.33716735839843,1,0.0,,
6479,2024-10-22,143.55694580078125,226311600,130.19501113891602,123.02859481811524,1,0.0,,
6480,2024-10-23,139.52786254882812,285930000,130.99732627868653,123.49708572387695,1,0.0,,
6481,2024-10-24,140.37767028808594,172354900,131.8156379699707,123.94378494262695,1,0.0,,
6482,2024-10-25,141.5074005126953,205122100,132.82240562438966,124.31750885009765,1,0.0,,
6483,2024-10-28,140.48765563964844,173586700,133.77618675231935,124.63644897460938,1,0.0,,
6484,2024-10-29,141.21746826171875,157593600,134.98840713500977,124.86161956787109,1,0.0,,
6485,2024-10-30,139.3079071044922,179418100,136.01267127990724,125.10358139038085,1,0.0,,
6486,2024-10-31,132.72943115234375,270039600,136.50805740356446,125.18898178100586,1,0.0,,
6487,2024-11-01,135.3688201904297,207127800,137.03193702697754,125.42233978271484,1,0.0,,
6488,2024-11-04,136.0186767578125,187528200,137.4483413696289,125.55613067626953,1,0.0,,
6489,2024-11-05,139.87777709960938,160537400,137.79926071166992,125.82528503417969,1,0.0,,
6490,2024-11-06,145.5764617919922,242043900,138.4471122741699,126.1716244506836,1,0.0,,
6491,2024-11-07,148.84573364257812,207323300,139.15045166015625,126.63713241577149,1,0.0,,
6492,2024-11-08,147.5959930419922,175665800,139.79180297851562,127.23799514770508,1,0.0,,
6493,2024-11-11,145.22653198242188,182325600,140.15121841430664,127.75587966918945,1,0.0,,
6494,2024-11-12,148.25582885742188,198634700,140.98552474975585,128.56167846679688,1,0.0,,
6495,2024-11-13,146.23631286621094,191903300,141.5129035949707,129.36287567138672,1,0.0,,
6496,2024-11-14,146.72618103027344,194463300,142.00428924560546,130.15387649536132,1,0.0,,
6497,2024-11-15,141.94729614257812,250132900,142.20324325561523,130.93687194824219,1,0.0,,
6498,2024-11-18,140.11770629882812,221205300,142.0252830505371,131.61049850463868,1,0.0,,
6499,2024-11-19,146.97613525390625,227834900,142.19624252319335,132.3887040710449,1,0.0,,
6500,2024-11-20,145.8563995361328,309871700,142.5126693725586,132.96837051391603,1,0.0,,
6501,2024-11-21,146.63623046875,400946600,142.8255973815918,133.51884384155272,1,0.0,,
6502,2024-11-22,141.91729736328125,236406200,142.8460922241211,133.97573837280274,1,0.0,,
6503,2024-11-25,135.98867797851562,344941900,142.62114334106445,134.36044982910155,1,0.0,,
6504,2024-11-26,136.8884735107422,190287700,142.40469360351562,134.78695175170898,1,0.0,,
6505,2024-11-27,135.30882263183594,226370900,142.20473937988282,135.22625045776368,1,0.0,,
6506,2024-11-29,138.21817016601562,141863200,142.47917633056642,135.6337567138672,1,0.0,,
6507,2024-12-02,138.5980682373047,171682800,142.64063873291016,136.08625228881837,1,0.0,,
6508,2024-12-03,140.2277069091797,164414000,142.85109024047853,136.56614181518555,1,0.0,,
6509,2024-12-04,145.10658264160156,231224300,143.11253051757814,137.05143005371093,1,0.0,,
6510,2024-12-05,145.03659057617188,172621200,143.0855369567871,137.48253067016603,1,0.0,,
6511,2024-12-06,142.41700744628906,188505600,142.76410064697265,137.85064208984375,1,0.0,,
6512,2024-12-09,138.78758239746094,189308600,142.32368011474608,138.19895278930665,1,0.0,,
6513,2024-12-10,135.04820251464844,210020900,141.81476364135742,138.4716761779785,1,0.0,,
6514,2024-12-11,139.28750610351562,184905200,141.3663475036621,138.91796508789062,1,0.0,,
6515,2024-12-12,137.3178253173828,159211400,140.9204231262207,139.2878691101074,1,0.0,,
6516,2024-12-13,134.22833251953125,231514900,140.2955307006836,139.51600158691406,1,0.0,,
6517,2024-12-16,131.9786834716797,237951100,139.79710006713867,139.6577507019043,1,0.0,,
6518,2024-12-17,130.36895751953125,259410300,139.30966262817384,139.7113180541992,0,-1.0,,130.36895751953125
6519,2024-12-18,128.88919067382812,277444500,138.40531539916992,139.6319140625,0,0.0,,
6520,2024-12-19,130.6588897705078,209719200,137.64543991088868,139.59270324707032,0,0.0,,
6521,2024-12-20,134.67825317382812,306528600,137.04754104614258,139.59068939208984,0,0.0,,
6522,2024-12-23,139.64744567871094,176053500,136.93404846191407,139.68825897216797,0,0.0,,
6523,2024-12-24,140.19737243652344,105157000,137.14448318481445,139.7314419555664,0,0.0,,
6524,2024-12-26,139.90740966796875,116205600,137.2954299926758,139.89819610595703,0,0.0,,
6525,2024-12-27,136.98788452148438,170582600,137.3793830871582,139.92417907714844,0,0.0,,
6526,2024-12-30,137.46780395507812,167734700,137.34186477661132,139.93556579589844,0,0.0,,
6527,2024-12-31,134.26832580566406,155659200,137.1253776550293,139.86156799316407,0,0.0,,
6528,2025-01-02,138.2876739501953,198247200,137.02837600708008,139.75378326416015,0,0.0,,
6529,2025-01-03,144.44668579101562,229322500,136.9953811645508,139.77157806396485,0,0.0,,
6530,2025-01-06,149.40586853027344,265377400,137.21384506225587,139.96913818359374,0,0.0,,
6531,2025-01-07,140.11737060546875,351782200,137.09886322021484,139.9639321899414,0,0.0,,
6532,2025-01-08,140.08738708496094,227349900,137.16385345458986,139.9355319213867,0,0.0,,
6533,2025-01-10,135.88807678222656,207602500,137.20584716796876,139.84354034423828,0,0.0,,
6534,2025-01-13,133.20849609375,204808900,136.90189666748046,139.6833609008789,0,0.0,,
6535,2025-01-14,131.7387237548828,195590500,136.62294158935546,139.53197723388672,0,0.0,,
6536,2025-01-15,136.218017578125,185217300,136.72242584228516,139.60174896240235,0,0.0,,
6537,2025-01-16,133.54844665527344,209235600,136.80091400146483,139.56534149169923,0,0.0,,
6538,2025-01-17,137.68777465820312,201188800,137.16685485839844,139.59872344970702,0,0.0,,
6539,2025-01-21,140.80726623535156,197749000,137.76275863647462,139.61731323242188,0,0.0,,
6540,2025-01-22,147.04627990722656,237651400,138.58212814331054,139.64670959472656,0,0.0,,
6541,2025-01-23,147.1962432861328,155915500,139.2080276489258,139.61371978759766,0,0.0,,
6542,2025-01-24,142.5969696044922,234657600,139.35550384521486,139.51373931884766,0,0.0,,
6543,2025-01-27,118.40087890625,818830900,138.26567916870118,138.97722625732422,0,0.0,,
6544,2025-01-28,128.9691925048828,579666400,137.71876831054686,138.59149353027342,0,0.0,,
6545,2025-01-29,123.6800308227539,467120600,137.05337562561036,138.1403678894043,0,0.0,,
6546,2025-01-30,124.6298828125,392925500,136.41147956848144,137.69844192504883,0,0.0,,
6547,2025-01-31,120.05062103271484,388161100,135.700594329834,137.26050842285156,0,0.0,,
6548,2025-02-03,116.64117431640624,371235700,134.61826934814454,136.79097778320312,0,0.0,,
6549,2025-02-04,118.63085174560548,256550000,133.327477645874,136.2240721130371,0,0.0,,
6550,2025-02-05,124.80985260009766,262230800,132.09767684936523,135.8031411743164,0,0.0,,
6551,2025-02-06,128.65921020507812,251483600,131.5247688293457,135.44360076904297,0,0.0,,
6552,2025-02-07,129.81903076171875,228186300,131.0113510131836,135.20163543701173,0,0.0,,
6553,2025-02-10,133.54844665527344,216989100,130.89436950683594,135.15283081054687,0,0.0,,
6554,2025-02-11,132.77857971191406,178902400,130.87287368774415,135.0706329345703,0,0.0,,
6555,2025-02-12,131.11883544921875,160278600,130.84187927246094,134.98683319091796,0,0.0,,
6556,2025-02-13,135.26815795898438,197430000,130.7943862915039,134.92783294677736,0,0.0,,
6557,2025-02-14,138.8275909423828,195479600,131.05834350585937,134.93242340087892,0,0.0,,
6558,2025-02-18,139.37750244140625,219176600,131.14282989501953,134.91541931152344,0,0.0,,
6559,2025-02-19,139.20751953125,167536000,131.06284255981444,134.7974380493164,0,0.0,,
6560,2025-02-20,140.08738708496094,143903600,130.71489791870118,134.6984539794922,0,0.0,,
6561,2025-02-21,134.40829467773438,228217600,130.07550048828125,134.53827972412108,0,0.0,,
6562,2025-02-24,130.25897216796875,251381100,129.45860061645507,134.36770751953125,0,0.0,,
6563,2025-02-25,126.60956573486328,271428700,129.86903495788573,134.19893478393556,0,0.0,,
6564,2025-02-26,131.25881958007812,322553800,129.9835163116455,134.0383610534668,0,0.0,,
6565,2025-02-27,120.130615234375,443175800,129.80604553222656,133.69461685180664,0,0.0,,
6566,2025-02-28,124.89983367919922,389091100,129.8195430755615,133.508046875,0,0.0,,
6567,2025-03-03,114.04158782958984,411381400,129.51909141540528,133.1493049621582,0,0.0,,
6568,2025-03-04,115.97127532958984,398163300,129.48559646606446,132.86135131835937,0,0.0,,
6569,2025-03-05,117.28106689453124,284337900,129.41810722351073,132.62918884277343,0,0.0,,
6570,2025-03-06,110.55215454101562,321181900,128.70522232055663,132.2270541381836,0,0.0,,
6571,2025-03-07,112.67181396484376,341755500,127.90585250854492,131.7869253540039,0,0.0,,
6572,2025-03-10,106.96273040771484,366487400,126.76303749084472,131.13323104858398,0,0.0,,
6573,2025-03-11,108.74244689941406,354865700,125.52273750305176,130.5041325378418,0,0.0,,
6574,2025-03-12,115.73196411132812,323857500,124.67040672302247,130.02062362670898,0,0.0,,
6575,2025-03-13,115.5719757080078,299033100,123.89306373596192,129.59230545043945,0,0.0,,
6576,2025-03-14,121.66155242919922,277593500,123.21273345947266,129.27618041992187,0,0.0,,
6577,2025-03-17,119.52169799804688,255501500,122.24743881225587,128.98124786376954,0,0.0,,
6578,2025-03-18,115.42198181152344,299686900,121.04966278076172,128.52393402099608,0,0.0,,
6579,2025-03-19,117.51183319091795,273426200,119.96487846374512,127.98523696899414,0,0.0,,
6580,2025-03-20,118.52176666259766,248829700,118.88659744262695,127.36755493164063,0,0.0,,
6581,2025-03-21,117.69182586669922,266498500,118.0507740020752,126.91904403686523,0,0.0,,
6582,2025-03-24,121.40157318115234,228452500,117.60790405273437,126.54532775878906,0,0.0,,
6583,2025-03-25,120.68162536621094,167447200,117.31150703430175,126.24119873046875,0,0.0,,
6584,2025-03-26,113.75210571289062,293463300,116.43617134094238,125.85207092285157,0,0.0,,
6585,2025-03-27,111.4222640991211,236902100,116.0007537841797,125.44574172973633,0,0.0,,
6586,2025-03-28,109.66238403320312,229872500,115.23888130187989,124.91462905883789,0,0.0,,
6587,2025-03-31,108.37247467041016,299212700,114.9554256439209,124.41110961914063,0,0.0,,
6588,2025-04-01,110.14234924316406,222614000,114.6639793395996,123.86020111083984,0,0.0,,
6589,2025-04-02,110.4123306274414,220601200,114.32054252624512,123.25230239868164,0,0.0,,
6590,2025-04-03,101.79293060302734,338769400,113.8825813293457,122.34723541259766,0,0.0,,
6591,2025-04-04,94.30345153808594,532273800,112.96416320800782,121.28937957763672,0,0.0,,
6592,2025-04-07,97.63321685791016,611041300,112.49768753051758,120.39010452270507,0,0.0,,
6593,2025-04-08,96.29331970214844,476243400,111.8752311706543,119.94795333862305,0,0.0,,
6594,2025-04-09,114.32205963134766,612918300,111.80473594665527,119.65501068115235,0,0.0,,
6595,2025-04-10,107.56253051757812,437812400,111.40426368713379,119.33266067504883,0,0.0,,
6596,2025-04-11,110.92229461669922,313417300,110.86730079650879,119.05850891113282,0,0.0,,
6597,2025-04-14,110.70230865478516,264705000,110.4263313293457,118.87154266357422,0,0.0,,
6598,2025-04-15,112.19220733642578,228966900,110.26484260559081,118.78256332397461,0,0.0,,
6599,2025-04-16,104.48274230957033,397016900,109.61338806152344,118.49960113525391,0,0.0,,
6600,2025-04-17,101.48294830322266,292517500,108.76144714355469,118.03306304931641,0,0.0,,
6601,2025-04-21,96.9032745361328,288501100,107.72201957702637,117.3979443359375,0,0.0,,
6602,2025-04-22,98.88313293457033,241004800,106.59609756469726,116.77922637939453,0,0.0,,
6603,2025-04-23,102.70286560058594,247526000,105.69715957641601,116.16231475830078,0,0.0,,
6604,2025-04-24,106.422607421875,220815000,105.33068466186523,115.6351953125,0,0.0,,
6605,2025-04-25,111.0022964477539,251064700,105.30968627929687,115.2328645324707,0,0.0,,
6606,2025-04-28,108.72245025634766,207708500,105.2626895904541,114.70195037841796,0,0.0,,
6607,2025-04-29,109.0124282836914,170444300,105.29468727111816,114.10564712524415,0,0.0,,
6608,2025-04-30,108.91243743896484,235044600,105.2331916809082,113.4963458251953,0,0.0,,
6609,2025-05-01,111.6022491455078,236121500,105.29268760681153,112.94424041748047,0,0.0,,
6610,2025-05-02,114.49205017089844,190194800,105.92764358520508,112.43233367919922,0,0.0,,
6611,2025-05-05,113.81209564208984,133163200,106.90307579040527,112.02040969848633,0,0.0,,
6612,2025-05-06,113.53211975097656,158525600,107.6980209350586,111.68587265014648,0,0.0,,
6613,2025-05-07,117.05187225341795,206758800,108.73594856262207,111.49471878051757,0,0.0,,
6614,2025-05-08,117.36185455322266,198428100,108.88793830871582,111.21677947998047,0,0.0,,
6615,2025-05-09,116.64189910888672,132972200,109.34190673828125,111.1470051574707,0,0.0,,
6616,2025-05-12,122.99146270751952,225023300,109.94536514282227,111.10883773803711,0,0.0,,
6617,2025-05-13,129.9209747314453,330430100,110.90629844665527,111.42642547607421,0,0.0,,
6618,2025-05-14,135.33059692382812,281180800,112.06321792602539,111.81361190795899,1,1.0,135.33059692382812,
6619,2025-05-15,134.8206329345703,226632600,113.58011245727539,112.16440322875977,1,0.0,,
6620,2025-05-16,135.39059448242188,226542500,115.27549476623535,112.6611720275879,1,0.0,,
6621,2025-05-19,135.5605926513672,193154600,117.20836067199707,113.11894760131835,1,0.0,,
6622,2025-05-20,134.37066650390625,161514200,118.98273735046386,113.6671063232422,1,0.0,,
6623,2025-05-21,131.7908477783203,270608700,120.43713645935058,114.12807434082032,1,0.0,,
6624,2025-05-22,132.82078552246094,187344000,121.75704536437988,114.46985076904296,1,0.0,,
6625,2025-05-23,131.2808837890625,198821300,122.7709747314453,114.78402893066406,1,0.0,,
6626,2025-05-27,135.49058532714844,192953600,124.10938148498535,115.06060958862305,1,0.0,,
6627,2025-05-28,134.80064392089844,304021100,125.3987922668457,115.36618850708008,1,0.0,,
6628,2025-05-29,139.1803436279297,369241900,126.91218757629395,115.8413557434082,1,0.0,,
6629,2025-05-30,135.12062072753906,333170900,128.0881061553955,116.19353149414063,1,0.0,,
6630,2025-06-02,137.37046813964844,197663100,129.232027053833,116.57050552368165,1,0.0,,
6631,2025-06-03,141.21018981933594,225578800,130.6019317626953,117.04087280273437,1,0.0,,
6632,2025-06-04,141.91014099121094,167120800,132.02083282470704,117.45104415893555,1,0.0,,
6633,2025-06-05,139.98028564453125,231397900,133.1672534942627,117.83701736450195,1,0.0,,
6634,2025-06-06,141.7101593017578,153986200,134.38466873168946,118.3961784362793,1,0.0,,
6635,2025-06-09,142.62010192871094,185114500,135.68357887268067,119.0201351928711,1,0.0,,
6636,2025-06-10,143.95001220703125,155881900,136.73150634765625,119.70588775634765,1,0.0,,
6637,2025-06-11,142.8300018310547,167694000,137.37695770263673,120.39503829956055,1,0.0,,
6638,2025-06-12,145.0,162365000,137.8604278564453,121.09219131469726,1,0.0,,
6639,2025-06-13,141.97000122070312,180820600,138.21789627075196,121.7233447265625,1,0.0,,
6640,2025-06-16,144.69000244140625,183133700,138.68286666870117,122.58128616333008,1,0.0,,
6641,2025-06-17,144.1199951171875,139108000,139.1108367919922,123.57761703491211,1,0.0,,
6642,2025-06-18,145.47999572753906,161494100,139.66630325317382,124.5345526123047,1,0.0,,
6643,2025-06-20,143.85000610351562,242956200,140.2692611694336,125.48568634033204,1,0.0,,
6644,2025-06-23,144.1699981689453,154308900,140.83672180175782,126.08264511108399,1,0.0,,
6645,2025-06-24,147.89999389648438,187566100,141.6676773071289,126.8893943786621,1,0.0,,
6646,2025-06-25,154.30999755859375,269146500,142.60864791870117,127.7571484375,1,0.0,,
6647,2025-06-26,155.02000427246094,198145700,143.6196159362793,128.64350234985352,1,0.0,,
6648,2025-06-27,157.75,263234500,144.5480987548828,129.554658203125,1,0.0,,
6649,2025-06-30,157.99000549316406,194580300,145.69156799316406,130.62480346679686,1,0.0,,
6650,2025-07-01,153.3000030517578,213143600,146.48804473876953,131.66114456176757,1,0.0,,
6651,2025-07-02,157.25,171224100,147.29003524780273,132.86807907104492,1,0.0,,
6652,2025-07-03,159.33999633789062,143716100,148.16152801513672,134.07721633911132,1,0.0,,
6653,2025-07-07,158.24000549316406,140139000,149.07451400756835,135.1879591369629,1,0.0,,
6654,2025-07-08,160.0,138133000,149.98900604248047,136.2595069885254,1,0.0,,
6655,2025-07-09,162.8800048828125,183656400,151.00200119018555,137.29706115722655,1,0.0,,
6656,2025-07-10,164.10000610351562,167704100,152.00950088500977,138.40461227416992,1,0.0,,
6657,2025-07-11,164.9199981689453,193633300,153.1140007019043,139.522763671875,1,0.0,,
6658,2025-07-14,164.07000732421875,136975800,154.06750106811523,140.6259150695801,1,0.0,,
6659,2025-07-15,170.6999969482422,230627400,155.50400085449218,141.80787002563477,1,0.0,,
6660,2025-07-16,171.3699951171875,158831500,156.83800048828124,142.94542892456056,1,0.0,,
6661,2025-07-17,173.0,160841100,158.28200073242186,144.12918701171876,1,0.0,,
6662,2025-07-18,172.41000366210938,146456400,159.62850112915038,145.3067446899414,1,0.0,,
6663,2025-07-21,171.3800048828125,123126100,161.00500106811523,146.39330734252928,1,0.0,,
6664,2025-07-22,167.02999877929688,193114300,162.14800109863282,147.3866702270508,1,0.0,,
6665,2025-07-23,170.77999877929688,154082200,163.29200134277343,148.469432220459,1,0.0,,
6666,2025-07-24,173.74000549316406,128984600,164.26350173950195,149.48440307617187,1,0.0,,
6667,2025-07-25,173.5,122316800,165.1875015258789,150.35598358154297,1,0.0,,
6668,2025-07-28,176.75,140023500,166.13750152587892,151.1843716430664,1,0.0,,
6669,2025-07-29,175.50999450683594,154077500,167.0135009765625,151.99815887451172,1,0.0,,
6670,2025-07-30,179.27000427246094,174312200,168.31200103759767,152.8757470703125,1,0.0,,
6671,2025-07-31,177.8699951171875,221685400,169.34300079345704,153.7219351196289,1,0.0,,
6672,2025-08-01,173.72000122070312,204529000,170.06200103759767,154.50892181396483,1,0.0,,
6673,2025-08-04,180.0,148174600,171.15000076293944,155.47310485839844,1,0.0,,
6674,2025-08-05,178.25999450683594,156407600,172.06300048828126,156.38188903808594,1,0.0,,
6675,2025-08-06,179.4199981689453,137192300,172.8900001525879,157.3446713256836,1,0.0,,
6676,2025-08-07,180.7700042724609,151878400,173.72350006103517,158.25025970458984,1,0.0,,
6677,2025-08-08,182.6999969482422,122765700,174.6125,159.20824676513672,1,0.0,,
